64 64
64 63
63 64
62 64
63 63
64 62
63 62
65 62
66 62
66 61
66 60
62 62
62 61
62 60
62 59
63 59
62 58
63 58
64 58
64 59
64 57
61 58
65 59
66 59
66 58
67 58
65 61
65 60
63 60
61 59
67 61
67 62
68 62
68 63
69 63
67 63
67 64
66 63
68 64
66 64
65 64
65 63
69 64
70 64
70 65
70 63
71 63
72 63
71 62
70 62
73 63
72 64
71 64
74 63
75 63
74 64
75 62
72 62
69 62
69 61
68 61
71 65
72 65
73 65
73 64
74 65
74 66
75 65
76 65
70 66
70 67
71 67
72 67
73 67
74 67
74 68
74 69
74 70
73 69
74 71
74 72
75 72
75 71
75 70
69 67
69 66
68 66
68 67
68 65
67 66
66 66
67 65
66 67
65 67
65 68
64 67
63 67
64 66
63 66
66 68
67 68
67 67
67 69
66 69
66 70
65 69
67 70
67 71
67 72
66 71
67 73
66 73
68 70
62 66
63 68
62 68
64 68
68 60
68 59
75 67
75 66
69 70
69 69
69 71
69 72
70 72
71 72
70 69
71 69
71 70
71 71
72 71
70 70
68 72
68 71
68 73
72 61
71 61
62 67
72 68
72 69
71 68
67 57
66 57
66 56
67 56
67 55
68 55
69 55
69 56
68 56
68 57
68 58
65 57
65 56
65 55
66 55
64 55
63 55
62 55
64 54
64 53
65 54
65 53
64 52
64 51
65 51
65 52
64 56
63 52
63 51
66 54
62 51
62 52
61 52
63 54
65 58
76 67
70 71
73 70
73 71
72 70
67 59
75 64
76 64
76 71
69 73
69 74
70 74
70 73
69 75
68 75
68 74
67 74
73 68
68 76
69 76
70 76
69 77
70 77
70 78
70 79
70 80
69 80
68 80
67 80
67 79
68 79
69 79
66 80
71 78
71 76
71 75
72 75
73 75
71 77
72 76
72 77
73 77
74 77
74 76
73 78
72 78
73 76
73 79
69 81
69 82
65 80
65 79
65 78
66 78
69 83
67 76
66 76
65 76
65 75
66 77
66 75
64 76
63 76
63 75
64 77
63 77
64 78
65 77
66 81
67 81
74 79
63 74
63 73
64 74
62 74
62 75
62 76
63 72
63 71
62 71
64 71
65 71
61 74
61 75
61 73
60 73
60 72
61 72
61 71
60 71
59 71
74 80
74 81
75 81
73 81
73 82
73 80
75 82
72 80
72 79
72 81
71 81
71 79
72 82
72 83
73 83
73 84
71 83
70 83
70 82
60 70
60 69
60 68
59 68
59 67
60 67
60 66
60 65
59 65
59 66
58 66
58 65
61 65
61 66
59 64
58 64
57 64
58 63
57 63
60 64
58 62
56 63
61 64
57 65
62 72
62 73
59 72
58 72
58 73
58 74
59 73
72 84
74 83
74 84
74 85
74 86
73 86
72 86
73 85
72 85
71 86
70 86
69 86
68 86
69 87
69 85
69 84
70 85
70 84
68 85
71 87
70 87
72 87
62 65
57 72
57 73
56 73
55 73
55 74
55 75
56 75
54 75
54 76
54 77
53 77
53 78
56 74
57 74
57 75
53 76
53 75
71 80
64 75
64 79
64 80
70 81
56 64
56 65
56 66
58 71
57 71
56 71
55 71
56 70
54 71
54 72
55 72
56 72
53 72
54 70
55 70
54 69
55 69
56 69
60 52
60 51
61 51
59 52
59 53
59 54
60 54
61 54
59 55
61 53
60 53
59 51
59 50
60 50
61 50
60 49
58 54
61 49
62 49
58 50
58 51
58 49
57 50
56 50
55 50
57 51
56 51
54 50
53 50
53 51
52 51
55 49
54 49
56 49
53 49
52 49
52 50
51 50
57 49
57 48
58 48
56 48
55 48
55 47
55 46
54 46
56 47
57 47
58 47
58 46
58 45
58 44
51 51
50 51
50 52
50 53
49 53
49 51
49 50
50 50
50 49
51 49
49 49
49 52
51 53
51 54
51 55
50 54
50 55
49 55
50 56
49 54
51 56
51 52
62 54
59 49
59 48
59 47
59 46
59 45
60 45
60 44
59 44
59 43
60 43
61 43
62 43
63 43
50 57
50 58
49 58
48 58
48 59
49 59
48 57
51 58
51 59
52 59
52 60
52 58
48 60
49 60
49 61
48 56
48 61
47 61
46 61
45 61
45 60
45 62
46 62
46 63
47 60
48 62
45 59
45 58
44 62
44 61
43 61
43 60
42 60
43 62
44 60
47 62
47 63
49 62
50 62
47 59
47 58
47 57
46 57
46 60
48 63
48 64
49 63
50 63
47 64
48 65
49 65
49 64
48 66
44 58
44 57
47 66
47 67
48 67
47 68
47 69
48 69
48 70
49 70
49 71
48 71
47 71
47 72
46 72
49 69
50 69
50 71
50 70
49 72
48 72
50 72
48 73
47 73
50 73
50 74
51 71
51 70
52 70
50 68
50 67
50 66
49 66
46 73
48 74
49 74
48 68
63 44
64 44
64 43
65 43
64 42
63 42
62 42
64 41
65 41
64 40
43 63
64 45
63 41
63 40
62 41
61 41
51 57
52 57
52 56
53 56
53 57
46 64
45 64
45 65
44 64
43 64
42 64
42 63
41 64
41 63
42 65
41 65
40 65
41 66
43 65
44 65
43 66
44 66
42 66
44 67
43 67
45 66
46 66
46 65
42 67
44 63
40 63
49 73
65 42
66 42
67 42
67 43
66 41
67 41
68 42
69 42
68 43
69 43
69 44
68 44
68 41
68 45
69 45
70 45
69 46
66 43
66 44
67 44
66 45
67 45
67 46
66 46
65 46
68 46
68 47
69 47
69 48
69 49
70 49
70 50
71 50
71 51
70 51
70 52
72 50
73 50
74 50
74 51
75 50
75 49
75 51
74 52
73 52
73 51
72 51
72 52
71 52
72 53
73 53
74 53
71 53
74 54
75 54
76 54
76 55
76 56
76 53
75 53
67 47
67 48
69 50
68 50
68 49
71 49
76 49
77 49
77 48
78 49
79 49
80 49
80 50
79 50
78 50
77 50
78 48
78 47
78 46
78 45
77 46
77 47
78 51
78 52
78 53
79 53
79 54
80 53
81 53
82 53
78 44
77 44
79 44
76 44
77 43
77 42
78 42
79 43
79 42
80 43
76 43
76 42
80 42
81 42
81 41
82 41
82 42
80 41
79 41
80 40
81 40
79 40
79 39
80 39
79 38
78 39
75 43
75 42
75 44
83 42
83 43
84 42
83 41
85 42
85 43
86 43
86 42
86 41
86 40
85 41
85 40
84 43
83 44
84 44
82 44
84 45
85 45
85 39
78 41
78 40
79 37
80 54
77 45
82 43
81 43
81 44
66 48
66 49
65 49
65 50
64 50
66 50
65 48
65 47
66 47
77 51
64 48
64 49
63 48
62 48
63 49
64 47
63 47
63 46
68 48
77 53
83 53
76 45
76 46
76 47
76 48
75 45
75 48
74 48
73 48
73 49
74 49
72 48
72 47
73 47
74 47
72 46
73 46
75 47
74 46
72 49
71 46
71 47
70 47
70 48
71 45
71 44
70 44
72 44
73 44
73 43
72 45
73 42
74 42
71 48
74 41
75 41
74 40
75 40
57 52
52 55
52 54
53 54
54 54
55 54
55 53
56 53
56 52
55 55
54 53
53 53
52 53
52 52
56 54
55 56
55 57
54 57
54 58
55 58
56 57
56 56
56 58
57 57
58 57
57 58
57 59
59 57
60 57
61 57
62 57
61 56
61 55
60 58
60 59
59 59
59 58
58 58
58 59
58 60
57 60
56 60
56 61
56 59
55 61
55 60
54 60
55 59
54 59
53 59
53 60
53 61
52 61
52 62
52 63
53 63
80 48
79 51
80 51
79 52
82 52
79 45
78 38
78 37
78 36
79 36
78 35
79 35
79 34
80 35
80 34
81 34
81 35
81 36
79 33
80 33
81 33
80 36
80 37
80 38
81 38
82 38
82 37
83 37
81 37
83 38
84 38
85 38
83 39
83 40
84 40
84 41
84 39
74 45
73 41
73 40
72 41
73 39
74 39
75 39
74 38
74 37
56 55
57 55
58 55
55 62
54 62
53 62
56 62
78 33
78 34
77 33
77 34
76 34
76 33
77 32
76 35
78 32
78 31
78 30
79 30
79 29
79 31
80 29
78 29
78 28
79 28
77 28
77 29
76 29
77 31
77 30
76 30
75 30
75 29
75 28
75 27
75 26
74 29
74 30
73 30
72 30
71 30
76 26
76 27
77 27
78 27
73 29
72 29
73 28
78 26
79 26
79 25
80 25
80 26
80 27
79 27
72 31
72 32
46 59
46 58
81 49
81 48
79 47
78 54
76 41
85 46
86 46
86 47
87 47
88 47
87 46
88 46
87 45
88 45
89 45
89 44
88 44
88 48
89 46
88 49
87 49
88 43
88 42
88 41
87 41
87 42
53 55
82 48
82 49
83 49
82 50
82 51
81 51
81 50
83 50
83 51
83 48
83 47
84 47
85 47
84 46
84 48
83 46
82 47
82 46
82 45
81 45
80 45
80 44
81 46
81 47
80 47
80 46
79 46
71 85
55 77
58 75
58 76
57 76
64 81
64 82
65 81
65 82
63 81
63 80
62 80
62 79
63 82
61 80
60 80
60 79
59 80
59 81
61 79
61 78
59 79
62 81
58 79
57 79
57 80
58 80
57 78
56 79
56 78
56 80
56 81
55 81
55 80
54 80
53 80
53 81
56 77
52 81
51 81
51 82
51 83
52 80
51 80
52 79
51 79
55 79
54 79
55 78
56 76
50 80
52 82
52 83
53 83
53 82
54 82
55 82
55 83
53 84
52 84
52 78
53 79
50 81
54 81
54 83
51 84
51 85
51 86
52 86
52 85
62 82
61 82
62 83
61 83
63 83
63 84
64 84
60 82
60 81
59 82
60 83
64 83
65 83
66 83
67 83
68 83
66 84
65 84
67 84
66 85
65 85
64 85
65 86
64 86
65 87
65 88
66 88
65 89
64 89
63 89
64 88
64 87
63 90
62 90
62 89
63 91
62 88
62 87
61 87
67 88
64 91
66 89
67 89
67 90
63 87
63 92
64 92
66 87
66 86
61 86
60 86
68 82
68 81
63 88
50 79
49 79
49 78
48 79
48 78
61 88
47 78
46 78
46 79
45 79
47 79
47 80
46 80
45 80
44 80
44 81
43 81
43 80
43 79
43 78
43 77
43 82
42 82
42 78
42 79
58 78
57 77
58 77
59 77
60 77
59 76
59 83
59 84
58 84
58 85
58 86
58 87
57 87
57 88
58 88
59 88
57 89
59 89
56 87
57 86
57 85
57 84
56 85
55 85
55 84
54 84
55 86
55 87
54 87
54 88
56 86
54 89
54 90
53 87
53 88
53 86
59 87
56 88
55 88
55 89
55 90
56 89
60 89
57 83
57 82
56 82
57 81
59 85
59 86
60 85
59 90
60 90
60 91
58 90
61 90
61 89
58 83
58 82
62 44
61 44
61 45
62 45
47 70
53 70
53 71
52 71
52 72
53 69
62 40
61 40
60 40
62 39
63 39
64 39
63 38
63 37
62 37
61 37
60 37
61 38
60 36
59 36
61 39
60 38
59 37
60 41
59 41
58 41
57 41
59 40
58 40
57 40
63 36
62 36
61 36
58 39
59 39
57 39
57 38
56 38
55 38
60 39
62 35
45 63
67 49
79 32
80 32
80 31
80 30
81 30
81 29
81 28
82 28
83 28
84 28
85 28
85 27
85 29
85 30
84 29
86 27
86 28
86 29
87 28
87 29
88 29
83 29
86 26
86 25
85 25
85 26
82 30
85 24
86 24
84 24
84 23
83 23
83 22
82 22
82 21
83 21
84 21
84 22
82 23
85 22
86 22
85 21
86 21
86 20
85 20
86 19
84 20
87 19
87 18
87 21
88 21
83 20
87 20
85 23
86 23
81 22
81 23
81 24
80 24
81 25
80 23
80 22
84 19
83 19
85 19
85 18
84 18
83 18
88 20
88 19
89 19
90 19
89 20
90 20
91 20
91 21
92 20
91 22
91 23
90 18
91 18
91 19
90 22
90 21
92 22
92 19
93 19
93 18
93 17
93 16
92 17
92 16
91 16
92 18
94 18
94 17
94 19
94 20
92 21
93 21
93 22
94 21
94 22
95 22
95 23
94 23
95 21
95 20
96 20
92 23
92 24
91 24
93 24
89 22
89 23
88 22
90 23
87 22
88 23
88 24
90 24
89 24
90 25
91 25
91 26
92 26
92 25
92 27
93 27
93 26
94 26
94 25
93 25
88 25
89 25
87 25
90 26
93 15
95 24
95 25
95 26
96 26
96 27
96 28
96 29
95 28
95 29
94 28
93 28
92 28
94 27
93 29
94 29
94 30
95 30
95 31
94 31
94 32
95 32
96 32
96 31
93 30
92 30
92 29
91 29
91 28
93 31
92 31
95 33
87 23
87 24
91 31
90 31
90 32
90 33
89 33
89 34
88 33
87 33
87 34
88 32
87 35
86 33
85 33
85 34
87 32
84 33
84 32
85 32
83 32
86 32
83 33
86 34
83 31
82 32
82 33
81 32
87 36
88 36
86 36
86 37
86 38
83 34
84 34
84 31
84 30
83 30
82 31
82 34
82 35
82 36
83 36
83 35
89 32
89 31
89 30
89 29
85 36
85 35
81 31
90 34
88 34
88 35
80 21
80 20
79 20
81 20
81 19
82 20
81 21
81 18
81 17
80 19
79 19
79 18
80 18
96 33
97 33
97 32
98 33
97 31
98 31
98 32
86 35
79 23
79 22
78 22
78 21
77 21
77 20
76 20
76 21
76 19
77 19
78 19
78 20
77 18
78 18
78 17
79 17
79 16
78 16
78 15
79 15
77 15
78 14
77 14
76 14
76 13
77 13
75 14
75 13
74 13
75 12
75 11
73 13
73 12
72 12
75 10
76 12
76 11
77 11
77 12
78 11
78 12
78 10
79 10
79 11
80 11
80 10
80 9
79 9
78 9
77 9
77 10
77 8
77 7
76 10
79 8
79 7
79 6
80 6
78 8
81 9
76 9
76 8
76 7
75 7
74 7
75 6
75 5
76 5
76 4
75 8
74 8
80 7
81 7
81 8
82 8
82 9
82 10
82 11
81 11
81 10
83 11
74 6
73 6
73 7
73 8
73 9
73 10
72 9
74 9
74 10
73 5
72 5
71 5
71 6
71 4
72 4
72 3
70 6
71 3
70 3
69 3
69 2
75 9
83 10
83 9
83 12
71 9
70 9
72 6
71 8
70 8
70 7
69 7
69 6
69 5
68 5
68 6
69 4
70 4
91 17
90 17
89 17
89 16
90 16
88 16
88 17
87 16
87 15
87 14
86 14
88 18
86 13
87 13
88 13
87 12
87 11
87 17
86 17
86 18
86 11
85 11
84 11
85 12
84 12
86 12
77 17
77 16
76 16
76 15
75 15
74 15
73 15
74 14
73 14
72 14
72 13
72 15
72 16
73 16
71 15
71 16
71 17
70 17
70 16
69 16
68 16
70 15
70 18
71 18
70 19
71 19
69 18
68 18
72 19
72 18
69 19
71 20
68 19
67 19
67 20
67 21
68 20
72 20
71 13
67 18
73 17
73 18
74 18
74 19
74 20
74 17
75 17
75 18
72 21
72 22
70 2
70 1
71 2
70 0
